V 5 4052600111   11     1 1015233        0		
V 5 4052600111   11     1 1015280        0		
V 5 4052600111   11     1 1015377        0		
V 5 4052600111   11     1 1015540        0		
V 5 4052600111   11     1 1015545      119		
V 5 4052600111   11     1 1015583        0		
V 5 4052600111   11     1 1015588        0		
V 5 4052600111   11     1 1015623        0		
V 5 4052600111   11     1 1015662        0		
V 5 4052600111   11     1 1015704       92		
V 5 4052600111   11     1 1015765      227		
V 5 4052600111   11     1 1015773       33		
V 5 4052600111   11     1 1015941        0		
V 5 4052600111   11     1 1015977      189		
V 5 4052600111   11     1 1015978      113		
V 5 4052600111   11     1 1016445        0		
V 5 4052600111   11     1 1016547        0		
V 5 4052600111   11     1 1016616        0		
V 5 4052600111   11     1 1016664        0		
V 5 4052600111   11     1 1016815        0		
V 5 4052600111   11     1 1016845        0		
V 5 4052600111   11     1 1016860      326		
V 5 4052600111   11     1 1016863        0		
V 5 4052600111   11     1 1017075        0		
V 5 4052600111   11     1 1017609     1219		
V 5 4052600111   11     1 1017613        0		
V 5 4052600111   11     1 1017771        0		
V 5 4052600111   11     1 1018021        0		
V 5 4052600111   11     1 1018221        0		
V 5 4052600111   11     1 1018305      238		
V 5 4052600111   11     1 1018344        0		
V 5 4052600111   11     1 1018593        0		
V 5 4052600111   11     1 1018724        0		
V 5 4052600111   11     1 1018913        0		
V 5 4052600111   11     1 1019020        0		
V 5 4052600111   11     1 1019097       87		
V 5 4052600111   11     1 1019136        0		
V 5 4052600111   11     1 1019313        0		
V 5 4052600111   11     1 1019370        0		
V 5 4052600111   11     1 1019463        0		
V 5 4052600111   11     1 1019623        0		
V 5 4052600111   11     1 1019624        0		
V 5 4052600111   11     1 1019625        0		
V 5 4052600111   11     1 1019785        0		
V 5 4052600111   11     1 1019862        0		
V 5 4052600111   11     1 1019965       74		
V 5 4052600111   11     1 1019971     1578		
V 5 4052600111   11     1 1020032      401		
V 5 4052600111   11     1 1020125       33		
V 5 4052600111   11     1 1020370        0		
V 5 4052600111   11     1 1020770       61		
V 5 4052600111   11     1 1021588        0		
V 5 4052600111   11     1 1021911       59		
V 5 4052600111   11     1 1022087      569		
V 5 4052600111   11     1 1022265        0		
V 5 4052600111   11     1 1025278        0		
V 5 4052600111   11     1 1028630        0		
V 5 4052600111   11     1 1033215        0		
V 5 4052600111   11     1 1033482        0		
V 5 4052600111   11     1 1038038        0		
V 5 4052600111   11     1 1046096        0		
V 5 4052600111   11     1 1046102       42		
V 5 4052600111   11     1 1050146        0		
V 5 4052600111   11     1 1051061        0		
V 5 4052600111   11     1 9999999     5615		
